<?xml version="1.0"?>
<opencv_storage>
<calibration_time>"Wed Mar  2 21:40:01 2016"</calibration_time>
<nframes>10</nframes>
<image_Width>640</image_Width>
<image_Height>480</image_Height>
<board_Width>4</board_Width>
<board_Height>5</board_Height>
<square_Size>2.5000000372529030e-002</square_Size>
<flags>0</flags>
<Camera_Matrix type_id="opencv-matrix">
  <rows>3</rows>
  <cols>3</cols>
  <dt>d</dt>
  <data>
    8.0166182116342520e+002 0. 3.2621898633452332e+002 0.
    8.0567848780192526e+002 2.4482786824002096e+002 0. 0. 1.</data></Camera_Matrix>
<Distortion_Coefficients type_id="opencv-matrix">
  <rows>5</rows>
  <cols>1</cols>
  <dt>d</dt>
  <data>
    -1.6913685049239591e-001 1.7255487869058914e+000
    3.2915185203375996e-003 3.7384416667315409e-004
    -5.9369741155437419e+000</data></Distortion_Coefficients>
<avg_reprojection_error>3.6889466165395096e-001</avg_reprojection_error>
<per_view_reprojection_errors type_id="opencv-matrix">
  <rows>10</rows>
  <cols>1</cols>
  <dt>f</dt>
  <data>
    3.00248384e-001 2.54531324e-001 8.30971420e-001 2.28551447e-001
    3.17896783e-001 2.99808115e-001 2.91848153e-001 2.40538165e-001
    2.32789531e-001 2.73824722e-001</data></per_view_reprojection_errors>
<!-- a set of 6-tuples (rotation vector + translation vector) for each view -->
<extrinsic_parameters type_id="opencv-matrix">
  <rows>10</rows>
  <cols>6</cols>
  <dt>d</dt>
  <data>
    -2.4852676535577373e-001 6.0768747986278426e-001
    3.0337563396058580e+000 6.4427417881554497e-002
    4.3315699530642217e-002 2.4915646393852511e-001
    -2.3965810567550289e-001 -4.3945761818478174e-001
    -1.5649766726646566e+000 -2.1559552352453430e-002
    2.0330743774810398e-002 2.4589804410962054e-001
    -4.9554052574262458e-001 3.4907337836502478e-001
    1.5560352908226556e+000 5.4675979764458531e-002
    -5.1542381613985104e-002 2.9435067869782838e-001
    -4.9078487880327154e-001 -3.7439165884951331e-001
    -1.4880332453848431e+000 -3.5493558835537092e-002
    3.1419305371373607e-002 2.5590218883735977e-001
    -3.9955354559628459e-001 -3.4433128490135245e-001
    -1.4755768332007497e+000 -2.6869970351354359e-002
    2.5048781572095856e-002 2.1544757699891962e-001
    -1.2194850544954074e-001 -8.1887120320918638e-001
    -2.9718993135254981e+000 7.8600603294779053e-002
    2.3329825116414630e-002 2.4389214795582725e-001
    -1.3426067993934751e-001 -8.6702006835505385e-001
    -2.9990551247817177e+000 6.4482409929857237e-002
    3.6693789549074374e-002 2.6626231271229939e-001
    -4.5551491693539287e-001 -4.1054642686540410e-001
    -1.5454126069855691e+000 -5.9587710630480822e-002
    2.7373440467037061e-002 2.6607686094921118e-001
    -4.1160288748397761e-001 4.2631166973494300e-001
    1.4938765333227384e+000 5.2945249751066136e-003
    -3.9097093409835866e-002 2.9418190521277848e-001
    -4.2837831376299224e-001 -4.0545887472646225e-001
    -1.5441064249303251e+000 -5.6787862314857197e-002
    2.7578892102860460e-002 2.4395029012202660e-001</data></extrinsic_parameters>
<image_points type_id="opencv-matrix">
  <rows>10</rows>
  <cols>20</cols>
  <dt>"2f"</dt>
  <data>
    5.32769470e+002 3.84114471e+002 4.55587952e+002 3.87128174e+002
    3.76482330e+002 3.90560059e+002 2.93987549e+002 3.93522003e+002
    5.19891479e+002 3.07755157e+002 4.45363800e+002 3.09126740e+002
    3.69285187e+002 3.10820160e+002 2.89611969e+002 3.11994324e+002
    5.07815613e+002 2.36564102e+002 4.35877350e+002 2.36875946e+002
    3.62351196e+002 2.37359772e+002 2.85493439e+002 2.37182007e+002
    4.96791290e+002 1.70579910e+002 4.27512909e+002 1.69259171e+002
    3.56138489e+002 1.68201553e+002 2.82119385e+002 1.67355942e+002
    4.86265839e+002 1.08475060e+002 4.18987518e+002 1.06737900e+002
    3.49929688e+002 1.05210091e+002 2.78556091e+002 1.03400856e+002
    2.56234680e+002 3.11192871e+002 2.55161758e+002 2.37691574e+002
    2.54325500e+002 1.69258209e+002 2.53377380e+002 1.06543617e+002
    3.36570129e+002 3.10521057e+002 3.32375031e+002 2.38055405e+002
    3.28439026e+002 1.70288559e+002 3.24838562e+002 1.08665237e+002
    4.15000092e+002 3.10682159e+002 4.07671906e+002 2.38568665e+002
    4.01297302e+002 1.71631866e+002 3.94468292e+002 1.10552048e+002
    4.91152130e+002 3.09693390e+002 4.80919556e+002 2.38937820e+002
    4.71854980e+002 1.72918823e+002 4.62676941e+002 1.12395599e+002
    5.65948364e+002 3.09423798e+002 5.52661255e+002 2.39313507e+002
    5.40628235e+002 1.74667038e+002 5.29348816e+002 1.14301567e+002
    4.74645386e+002 1.04613892e+002 4.79918243e+002 1.59156311e+002
    4.89543579e+002 2.19205856e+002 4.95210999e+002 2.85502808e+002
    4.06649536e+002 1.00585556e+002 4.11845276e+002 1.54496063e+002
    4.14268768e+002 2.15786835e+002 4.20713409e+002 2.81352905e+002
    3.40554901e+002 9.59264603e+001 3.40092316e+002 1.50130646e+002
    3.41668335e+002 2.11342575e+002 3.40762421e+002 2.77741730e+002
    2.70255554e+002 9.12198410e+001 2.68348022e+002 1.45696823e+002
    2.64409088e+002 2.07468826e+002 2.61687286e+002 2.73505249e+002
    2.01839813e+002 8.63659744e+001 1.94767044e+002 1.42249893e+002
    1.89103882e+002 2.02288208e+002 1.80899826e+002 2.70614105e+002
    2.15347809e+002 3.43429810e+002 2.25044388e+002 2.75570221e+002
    2.33589539e+002 2.13110962e+002 2.41571182e+002 1.57249313e+002
    2.92858978e+002 3.45495392e+002 2.98769257e+002 2.76805115e+002
    3.03907471e+002 2.13959671e+002 3.08925201e+002 1.57770508e+002
    3.71901276e+002 3.48032471e+002 3.73847229e+002 2.78375946e+002
    3.75677856e+002 2.14915833e+002 3.77089752e+002 1.58323608e+002
    4.51680145e+002 3.49625122e+002 4.49748993e+002 2.79821564e+002
    4.47919403e+002 2.15892975e+002 4.46229309e+002 1.58808441e+002
    5.32865479e+002 3.51933502e+002 5.26695007e+002 2.81314301e+002
    5.21317932e+002 2.17609680e+002 5.16035156e+002 1.59184509e+002
    2.26665329e+002 3.38050720e+002 2.37871033e+002 2.55371704e+002
    2.47706406e+002 1.79800232e+002 2.56851318e+002 1.12142159e+002
    3.18892914e+002 3.43459259e+002 3.25399780e+002 2.60014008e+002
    3.31072784e+002 1.83645706e+002 3.36354919e+002 1.15942795e+002
    4.12723602e+002 3.49368530e+002 4.14245514e+002 2.64907135e+002
    4.15974396e+002 1.87777679e+002 4.16863495e+002 1.19571808e+002
    5.06684540e+002 3.54735535e+002 5.03499725e+002 2.69485992e+002
    5.00711517e+002 1.92014893e+002 4.97805969e+002 1.23025673e+002
    6.02651489e+002 3.60477753e+002 5.94219788e+002 2.74532135e+002
    5.86894897e+002 1.97023483e+002 5.79743713e+002 1.26712654e+002
    5.83292419e+002 3.21582764e+002 5.00351898e+002 3.18107880e+002
    4.18991272e+002 3.15433411e+002 3.38921082e+002 3.12100433e+002
    5.76391174e+002 2.50868515e+002 4.97564178e+002 2.48043503e+002
    4.20422577e+002 2.45621582e+002 3.43885284e+002 2.42568680e+002
    5.69933228e+002 1.87027481e+002 4.95065552e+002 1.84901978e+002
    4.21393036e+002 1.83006866e+002 3.48580811e+002 1.80642395e+002
    5.64240845e+002 1.28971436e+002 4.92752075e+002 1.26649292e+002
    4.22437439e+002 1.25121925e+002 3.52700134e+002 1.23698936e+002
    5.58736816e+002 7.58533478e+001 4.90475616e+002 7.48683701e+001
    4.23081940e+002 7.37839661e+001 3.56591248e+002 7.27047882e+001
    5.19398499e+002 3.55391571e+002 4.43935699e+002 3.55078217e+002
    3.69872955e+002 3.55425842e+002 2.96193817e+002 3.55281189e+002
    5.13256714e+002 2.89544495e+002 4.41044128e+002 2.89622833e+002
    3.70678040e+002 2.90132233e+002 3.00139435e+002 2.89864166e+002
    5.07201965e+002 2.29531036e+002 4.38856323e+002 2.30172516e+002
    3.71332306e+002 2.30831055e+002 3.04117065e+002 2.31278488e+002
    5.02062073e+002 1.75167938e+002 4.36340454e+002 1.75513275e+002
    3.72100616e+002 1.76348145e+002 3.07532196e+002 1.77171616e+002
    4.96903931e+002 1.25061806e+002 4.34509308e+002 1.26199066e+002
    3.72320892e+002 1.27376999e+002 3.11018768e+002 1.28508469e+002
    1.47467285e+002 3.27436737e+002 1.55272690e+002 2.62706726e+002
